116935.95803450272
83394.42065914795
65915.21350222186
57459.40671829832
57921.3013624825
72385.09454086033
115442.9023090055
162906.2841406824
172699.25054576632
171909.73072083926
166667.82081388897
161151.3534469412
156950.76899358595
153446.15774710372
149517.715384471
145476.37305760535
143372.54502285572
145156.99417545288
153151.6018804327
165061.65416773982
176728.42688312143
187775.9290354753
184183.38741158752
159685.2018683542
153383.85898910603
119146.48487448713
100233.59014917297
90911.34681830271
91598.93011758025
106597.28590864377
149365.56414092632
195625.44105866353
204472.5682453635
204140.86772525602
200496.12582094775
196177.2989275971
191580.07002311345
186580.80370413436
181763.28385744494
178465.33877263096
177836.39285855342
179794.30287602858
185535.62123489368
193667.7057391618
202039.18878117012
211573.28445507697
208184.2727087899
185197.07679235123
145785.13795695914
116616.3927281517
103198.03649446002
95872.24049476275
91289.27855339849
94162.74864955377
124049.01865508567
165039.19151815
180685.4584846772
196027.83681095112
208290.32378746424
212450.48846246838
207394.8411946902
197384.98861085594
188486.04053508755
184040.36313576583
183268.36586249305
183415.50201447972
185334.57710251075
189630.86085101042
196081.01936239333
205611.06180056208
202771.59957434307
180053.2838417641
141136.00722227394
113399.39427809446
101753.80934975228
94751.48614907972
87838.59304264694
86573.67327152043
112862.16087949404
152627.59915627196
169367.24879947607
186766.22572946872
201035.79724737987
207238.00636227135
204624.16946551442
196999.90828912947
189365.45935245877
184797.85483145717
183889.00551100622
185865.3184361725
192137.7952140136
201591.3852131907
211345.3373303166
220878.89488281865
215196.23701175133
187871.67511818156
142956.06734672622
108065.92256403563
90172.75468682405
82213.30744459532
83486.91127732214
98482.01645594972
141593.64498700347
188778.4419665768
198190.20195662783
197118.04700962862
191899.8297731481
186868.08026632515
183493.68286436694
180655.38629984844
176639.71014397452
171616.11116081584
168210.64066357975
169270.1476185503
177532.57171540224
190180.50201029534
201993.22524005064
211965.04694196483
206531.2279727495
180647.97527229146
138130.32864162722
105163.19053340433
87728.20281528911
79120.85564330127
79680.18181304359
94380.96488653209
137217.739959619
183636.79096714046
191941.26714645847
190025.89092535104
184457.39384143273
179099.5228666871
174917.19406921044
171077.53340804204
166849.23781994893
163030.19253131968
161697.40918554412
164386.27932628768
173051.10030590664
185388.9934418561
197374.6526084825
208532.46073758084
204559.8192844165
179200.83319206035
125629.80711347851
91394.17502483846
73371.87750884694
65157.05052010691
66371.56531241618
81209.34556636523
123752.76739341015
170271.8189615878
179628.08748743584
179299.16426217675
174821.89868411372
169410.5235391279
164283.72154268099
159326.99608722946
154204.4033101945
149573.13158676267
147336.4979404704
149297.47485036898
157896.16026713024
170863.93245613962
183513.25876238008
194601.06926373736
189774.27052714198
163540.61517461116
130369.37927867583
96717.19233552934
79178.18642410733
70710.64164048771
71204.32462907564
85737.35795365606
128894.54189706116
176479.2599211844
186406.93111814698
185756.9629849288
180651.49840106268
175261.4680062179
171171.89920872776
167759.32276290026
163902.49460038685
159913.1743995811
157844.8903371442
159653.68437140668
167668.6264771144
179603.72012812557
191309.9998574258
202421.70509231772
198928.14447610825
174573.01466514292
132235.85658834697
98251.41823416305
79652.88230925745
70707.16758335297
71831.2313554295
87320.80112539619
130626.9408064532
177460.67121608683
186904.8704813905
187179.15171079536
184134.1411259395
180393.53338798543
176338.42249454075
171832.01311860158
167447.05406459718
164513.0588949705
164174.3183051161
166347.03475796423
172229.7033777813
180435.14998326177
188820.74146882014
198321.25967376248
194864.80067100946
171791.6471849815
132291.35648280333
103047.9123930548
89583.67077787736
82254.31074593944
77721.2904403654
80706.5294297959
110771.47660188196
152008.8789885831
167969.1300976789
183687.19280745825
196379.1168240338
201012.14950618875
196460.74916812123
186973.47006176307
178602.14255076414
174676.39733556207
174405.17635873822
175024.3682956372
177379.62635488762
182071.83541018004
188876.22557412274
198720.3173806772
196158.9985496845
173689.61073849635
135000.6547707701
107481.6703584445
96053.55662621846
89278.98055275425
82613.73138703314
81624.5039759513
108222.85194299536
148335.9720263541
165462.03336259752
183284.2089141858
198009.0446733534
204691.33229780413
202573.01600080665
195448.77029430296
188306.95930945844
184212.53288240777
183745.8471749524
186122.99826712726
192746.57149543148
202495.54143166123
212486.03280088375
222197.26156393782
216636.54375883637
189384.37521600022
144500.550538311
109612.80878671512
91705.59185548915
83729.56939789226
84998.2312629934
100013.63511640631
143183.09639353317
190473.54469190168
200046.46184128564
199195.61182373995
194260.16169429646
189570.52824689032
186592.1429692336
184195.23337751388
180655.1692474779
176128.2126626253
173225.87074046762
174779.86719971662
183513.23460242472
196594.65902752816
208791.25829426086
219087.53742514527
213911.82995484877
188216.6374626631
145816.69137258135
112899.97629489728
95454.42076229068
86784.65290707277
87241.19522880136
101812.05588743827
144506.03025575588
190783.95568280958
198963.08291036403
196951.07685794175
191325.82080689206
185959.89951627035
181824.36419965315
178089.53786766698
174024.30364344481
170423.81260084824
169359.66702367493
172359.5567795575
181368.28154950961
194072.2487200424
206434.8510284181
217969.22534791622
214362.2016223296
189348.5504406095
146354.88220351006
112403.23162671285
94628.23376748028
86623.1989925005
88011.53415233898
102990.8782450055
145649.19893128128
192263.54679653398
201703.5605420392
201455.34312346647
197064.17089606758
191752.08997655517
186744.49952915445
181932.1122084303
176982.3708075289
172553.82397262758
170549.0401471883
172768.17614363827
181646.60882337502
194909.3606092602
207861.27090289525
219250.8026012307
214716.03342980624
188756.0202549965
145572.03287451522
112133.53912330081
94769.17311170227
86433.389877043
87014.07730000687
101589.51710879272
144746.68527255155
192293.0254975388
202149.66761817114
201403.05832247314
196183.31653223827
190669.84715423288
186456.1885922249
182926.9607016267
178968.15549801313
174897.53545196957
172773.08866422786
174553.55134181416
182568.7969288414
194531.71993217873
206290.41503604513
217474.5303580996
214067.3980525972
189805.69111645364
147561.27026457054
113660.96862786586
95130.2494561308
86228.9228311307
87367.82665416303
102837.88040709929
146086.9005025479
192824.384617933
202133.48298597801
202235.85146323527
198985.81186406506
195012.20401334396
190702.43942885895
185926.87747322005
181265.88385206234
178056.65715427726
177450.84895332326
179371.32884380332
185022.23760748864
193020.75621939308
201227.11920099636
210577.37301767414
206999.24610687586
183831.0786803023
144259.04999062876
114962.54304573569
101458.36334289779
94096.0083149245
89530.46826712468
92477.26177119746
122491.84509697495
163661.6927536268
179532.91125080225
195137.367582277
207689.34212361398
212155.69896636513
207411.88082713887
197708.7007431287
189101.3607175381
184923.75717461354
184389.72950906176
184740.4059825904
186826.72213937168
191254.596782253
197803.7796468205
207405.5716338167
204617.73015080066
181939.44769024843
143060.0174369704
115368.74325983247
103785.35722804922
96870.58447499799
90077.70242840386
88970.56318845668
115457.8036674158
155463.88718282094
172484.67254442518
190201.65118560835
204820.47302443866
211395.9152629011
209170.816742768
201941.61117651325
194699.170885846
190511.52232077357
189962.43138266192
192271.46142030225
198844.42409506382
208562.97775207896
218545.1041549869
228270.80329808584
222746.91251554317
195552.06921753474
150742.79754312
115942.21379043422
98128.93841319639
90246.86447815379
91602.07394142987
106688.97416945221
149907.42209619196
197217.5364878869
206775.08746248344
205869.6464399008
200838.06893808383
196010.62071617402
192854.9188210468
190245.76993904563
186465.44478366483
181679.22476137182
178509.42424711224
179799.9166611274
188286.6850172807
201151.5537934254
213174.31322668836
223351.01323026003
218119.7705847963
192440.53686007243
150132.68372978817
117385.6737835241
100185.545602205
91831.62639518123
92665.85394290632
107664.66377874647
150822.74497507163
197584.8883087936
206251.0631613151
204711.20228605648
199525.8298952286
194551.36709296296
190744.6754711135
187264.5565032168
183371.6126263333
179856.37524374813
178789.7321213963
181702.61726040338
190546.89122715185
203019.50731133344
215097.38315706508
226309.5041942792
222360.10076215834
197002.04687881932
153679.87708985072
119432.5007524842
101409.56502044629
93216.81591088857
94486.94182806756
109423.29715494504
152115.7731938645
198839.52400057748
208458.64033620147
208450.38134955644
204348.40544612048
199361.025153346
194698.5491580385
190236.05966149678
185625.65975147428
181511.6481855297
179784.1580569997
182233.33707565867
191287.44613136823
204667.5832444361
217677.9710689581
229069.6933677735
224486.4369786545
198435.44415220973
155128.19725747252
121545.75079921997
104028.98097559751
95544.49768261322
95991.53243228942
110458.23472469512
153539.404265084
201047.82366684097
210907.18667219827
210203.60377420162
205064.00219569064
199661.94887204032
195582.85744731902
192201.42290254516
188392.49657072237
184462.1310369295
182456.7064511564
184324.1096268766
192384.72801063955
204343.85273145203
216044.2632442937
227112.85111361218
223532.873462862
199043.5807290022
156521.8875821068
122301.84801157736
103417.89071926693
94140.02780088286
94889.97357982627
109969.6159427753
152837.26347053336
199211.90846929443
208184.75297584018
207983.71650950593
204467.3683071287
200266.67822513328
195769.09816650735
190843.088568674
186065.43670549992
182768.43236018554
182097.90181664255
183970.42313555162
189583.83619801558
197549.44575065904
205722.41867130302
215034.8525940897
211411.86446176074
188190.634961615
148557.6419039633
119193.92438311473
105619.1037043421
98186.37286264758
93554.95597359545
96444.76480035679
126415.41841263123
167557.9499565884
183421.08818662044
199038.1180135538
211623.34809998632
216142.19132693255
211467.17200003396
201844.8316803347
193324.9574327711
189235.1791319233
188782.574222509
189201.41160847762
191336.0849033086
195786.69378061866
202328.26190189354
211888.7685576189
209024.2867390266
186234.1003123845
147209.40487915595
119343.14630314907
107560.2636337521
100427.98567953517
93407.04375244022
92069.28929073352
118331.464581904
158125.79586498666
174955.13104222255
192506.78753777102
206990.75367642747
213464.41637449153
211171.35166737382
203906.81923257274
196658.67477386672
192490.25697671543
191979.23717515054
194338.01909483568
200964.5893597408
210732.55068099417
220752.04421868254
230495.87604658894
224964.73053180485
197732.46861515864
152852.47396345699
117946.52862225231
99993.79830492649
91940.57460262888
93097.06871489322
107963.33724398082
150946.120269843
198013.3085971318
207328.94857030635
206190.98812845565
200944.35778346885
195926.7169061585
192612.0554428944
189880.24876785753
186017.11645239935
181189.8291459296
178020.87066152986
179352.5829850119
187917.81056369923
200893.79286165832
213054.50569766614
223389.21575061395
218328.57813921827
192824.70995590615
150689.08267389273
118103.48837757381
101046.79758605234
92811.91246743145
93735.29050434717
108788.98986079224
151964.53765222573
198704.84473593405
207309.3050781783
205668.5617785245
200345.0794265463
195198.36118434276
191189.37645408668
187481.9213673612
183342.32239839228
179567.39242061356
178234.6751319507
180881.9442170349
189467.88819113193
201696.07931617153
213549.64941589348
224563.20246509282
220445.81011681946
194954.24273749127
151535.83796861715
117231.09189596243
99189.93046861688
91017.01651668511
92342.58252243136
107366.19145042164
150172.69628665346
197031.10722368612
206798.4589608484
206944.28413466626
202994.12837885317
198148.12251131274
193608.66374201234
189243.54007427755
184698.51710491633
180612.82832392643
178873.0885874129
181267.69293102768
190225.06324020034
203468.43858368997
216306.13953085797
227495.18822528506
222686.84169551317
196397.24917445742
152847.76627051237
119029.8560191913
101294.86641697506
92619.45142583425
92911.97317905814
107268.34280616863
150289.35154197144
197791.678986826
207700.59259403704
207101.3345963495
202117.52267481928
196917.09564569296
193077.76204982222
189964.78518973332
186442.30145934265
182804.8803161935
181087.2116987856
183225.86391794024
191530.84405486425
203698.52528776616
215564.6856921664
226751.49144141184
223239.9950659244
198769.8795778993
156221.1100990455
121933.25417415482
102948.43428405852
93546.13979707267
94158.85581941059
109099.97686681557
151839.45795971993
198107.4746739699
207005.3709911321
206769.64405943343
203265.43606141466
199127.94994995394
194746.3180590314
189988.04827711562
185426.3975544638
182387.73409080988
182009.87760692474
184199.72310212077
190144.23854657743
198443.20770861965
206940.19013542394
216556.14526520955
213206.04012948618
190218.35015003165
150772.66335781905
121545.21278351231
108053.05133536983
100649.0764219948
95994.40735685205
98812.85096288045
128669.63528848697
169662.7540801631
185348.83192828874
200769.5386720408
213147.60639893456
217456.47906464685
212575.93104363693
202758.6454255422
194059.19051500334
189808.45110296394
189215.1571925574
189513.64125606953
191546.86834108358
195912.1875755565
202380.77988413395
211875.9626630652
208948.62645617733
186092.65836130152
146993.9395348368
119040.45565314058
107152.77422122253
99894.52886569255
92723.76712309013
91210.64856142085
117271.24270908894
156838.10070327256
173415.32975745224
190692.34488144677
204881.95080395063
211044.93670083059
208428.72943303443
200832.75418670455
193249.22230040916
188745.90685631236
187904.89554138342
189942.90760585063
196262.07306008757
205739.90211948715
215490.14686323932
224988.86525173654
219239.56626461644
191818.43132349415
146780.57388468357
111748.82007079793
93702.5937545428
85587.5593644323
86712.32457965643
101574.29294367583
144576.45664317458
191681.85664889967
201048.6277855116
199967.8400820387
194776.734684487
189804.68639177654
186517.08006739122
183785.19201891712
179886.61579456343
174981.06154227868
171684.71730658785
172835.17892973288
181162.44236129342
193843.0846567728
205652.81297986582
215585.12736640562
210077.4127244342
184090.88391712372
141448.2238703146
108344.1738687588
90771.80464713131
82038.89038074885
82496.78461777294
97131.77914313125
139948.28018157746
186400.06112018434
194794.7654760143
193028.17624761985
187664.42137398775
182560.9785419735
178673.06228603504
175155.12489928334
171260.88079408096
167771.75396531375
166747.7650606084
169707.79656656715
178591.1318671666
191082.32560645996
203146.7838537285
214303.53821158613
210249.01556061706
184730.91517804738
141191.56022063474
106670.78171168317
88322.27482296343
79758.77600904947
80622.55484403804
95128.63811348706
137380.06185778198
183665.89475550677
192864.166774228
192465.35588850253
188014.91745053677
182730.9213007477
177830.8948509508
173194.2482592303
168474.3349000982
164313.6136388409
162597.44731343407
165108.60329962947
174265.81122323437
187779.05537628476
200940.50430664694
212488.92361304205
208056.0874893908
182138.35440528608
138937.8930174161
105428.4431964523
87945.86007452986
79454.17262286329
79852.46636826561
94231.02884230543
137188.80006429285
184544.31575329206
194228.1676775255
193333.99646958476
187996.36961843283
182396.10824610526
178125.05610478492
174563.16201400547
170589.1090686007
166511.23327995706
164376.64712786739
166132.53482103324
174097.36825294903
185973.6173973427
197600.70131189702
208602.00721737405
204957.5358868261
180403.8868954056
137816.22358249518
103527.95510337499
84574.07437142445
75226.35538261753
75909.34586237565
90928.60539338204
133746.6281534239
180086.7134962962
189044.06015216804
188849.8350271423
185364.69315054125
181220.17564511174
176802.52702157578
171977.07058827032
167315.50533670076
164143.1985281033
163597.4737652877
165585.207240817
171293.82629563578
179324.0811395965
187521.05752031377
196807.86974925382
193102.34290505238
169736.58165820444
129894.62284208395
100257.98405355468
86349.81176534176
78529.82794911406
73466.57386528469
75891.68619770704
105378.38987838497
146032.5592978964
161418.27111636172
176583.89408997667
188757.78849841555
192917.66597177705
187945.96628040442
178096.26102001872
169422.1383104339
165251.63678357162
164788.87777818044
165262.02695851531
167506.6235172134
172111.71297539741
178839.739932404
188605.3383515873
185951.26718291634
163364.31718116615
124524.74655975847
96816.75637205126
85159.23477541
78116.39034969767
71149.1176758883
69832.57584139262
96089.73146656802
135861.55039411545
152661.58526862558
170189.15858673584
184666.82504041292
191164.33067455335
188936.6514451906
181788.7969336778
174716.13343909307
170786.8170992728
170580.35023681453
173307.86350617986
180363.0287277096
190612.327578371
201156.36544590018
211456.51903710607
206500.76658045087
179849.65980315814
135543.35875074647
101191.16960629424
83761.12644891172
76190.23039382076
77781.61381069775
93030.69212392482
136342.07499603042
183683.95552519814
193222.89723291335
192261.2428896489
187149.76625197142
182232.93017680972
178991.97690593114
176313.98474866932
172491.47630308144
167697.4525473119
164559.08366727713
165922.10023129615
174521.40800441656
187535.07300673102
199736.86583788638
210115.1100093093
205099.13748485275
179639.75312925916
137547.5166725667
105004.06311378756
87989.14713325957
79797.7881322337
80769.87013520797
95882.13546597202
139131.87027027603
185968.51222817774
194698.33469287958
193218.71431716892
188098.1538000436
183200.93557688926
179491.01218314687
176132.89585556515
172390.99530332017
169057.34141917556
168201.7630660573
171351.49481054663
180452.15268133
193192.16983596247
205538.09720838937
217007.27067491802
213291.6530728607
188131.95904052816
144961.41499006556
110809.18813787386
92817.39199731642
84586.97790789956
85748.96387040649
100508.37377006302
142960.13971564948
189387.67143176313
198666.19329222006
198286.47646085054
193797.43493040907
188423.64512751717
183391.89281703104
178593.13910609513
173693.98438344244
169351.12987421462
167464.4110654015
169830.5120171731
178880.76046479717
192335.72461104195
205495.55378224127
217103.94248001208
212794.25916909566
187061.02125978738
144101.20847677535
110880.2946877098
93723.23121558758
85581.08865827428
86338.634558508
101071.24690086654
144363.16343145396
192019.21055526653
201957.9933095725
201263.52225645795
196063.5960415459
190535.4767188456
186270.83369154212
182652.81945117528
178566.5128189234
174329.48419995274
172000.4196200944
173539.79913191966
181280.4135994548
192939.33264644077
204370.11075119284
215209.09925836502
211447.4603826391
186830.62926474697
144239.89064292904
110011.82559717259
91181.5770879924
82018.13806228174
82940.58961681355
98246.7223448577
141389.45579010775
188081.2891737896
197406.0250568248
197583.48087890632
194463.62881489244
190668.55681204307
186576.76205365016
182047.8909502588
177650.27143793163
174708.3014558123
174360.6915606616
176517.8801785765
182372.72919873116
190532.89088892145
198851.33929689307
208259.53480837436
204683.5621699319
181463.1707004971
141788.94431325246
112347.44015089938
98665.02187536526
91102.60294649114
86327.8084341907
89069.29335757575
118895.39762696248
159905.47833077807
175655.8256317682
191186.18583778612
203715.93875963052
208213.9526350262
203554.44503218494
193983.83254055504
185549.99894995338
181577.02928034158
181267.04301248703
181848.24750272385
184158.2459933326
188790.03861725022
195511.68124868275
205244.7537621111
202539.90430808056
179892.31739254296
140990.6882402451
113227.2394420768
101528.03416798597
94463.2291388409
87498.13060004471
86210.54991848124
112524.22143963535
152378.9723247105
169285.39164841588
186938.1926038016
201553.9410252216
208195.35228833745
206109.7203217615
199094.14293334883
192136.27476962877
188297.1754807509
188150.24434367882
190901.82418683992
197942.36306328952
208136.84648866215
218586.18187456185
228753.8211238298
223631.47284449238
196784.87055229518
152260.53010105563
117674.95183365991
100003.82713254454
92191.88308923095
93549.65412887561
108579.26387228444
151691.00826457108
198857.47539557656
208248.13519973244
207166.63242134248
201963.40889018273
196981.01864023658
193697.35735729273
190994.93143624923
187160.73926711472
182361.62330520473
179218.30582380446
180570.13288490323
189146.03050606477
202118.80127700587
214257.93397990588
224548.65729959405
219418.5308140798
193817.96872845956
151558.50351100304
118824.01282235538
101597.60247496117
93178.53263095726
93911.55538740539
108778.61887466814
151782.25346210977
198376.88834766223
206873.2699575234
205172.50464451092
199845.91024736996
194759.56167026097
190878.14182991855
187365.86171950115
183485.89434668206
180028.25713735778
179060.1927177459
182106.01598644015
191108.34707879007
203752.80456651395
216003.54623025615
227376.1421635515
223561.57384832168
198300.4553714921
155026.8213074037
120771.51146271339
102679.06119085537
94353.41267486016
95428.90881856455
110113.9571971537
152506.63430834544
198892.95365122124
208149.91898553912
207769.01045231847
203298.59132960095
197961.31087945134
192980.6193035593
188242.7938006135
183408.55638960563
179127.7793677712
177292.84276435227
179692.7378866966
188751.2968440969
202182.2454535013
215279.99558495625
226784.02941704687
222325.39031747787
196398.4374573882
153202.3354122683
119707.14314655677
102244.7255748092
93775.19210475984
94194.14392009377
108589.1420084846
151557.41483338492
198916.9744004605
208599.15230761224
207699.56499381462
202355.86218796074
196752.8304430319
192486.86053499876
188942.67050253064
185003.54306375113
180981.84769293532
178927.7915586543
180790.39364423277
188888.45550887234
200923.12234476776
212730.7943076627
223930.22219410507
220495.34500596632
196155.57405585222
153778.14778869497
119688.27235505433
100912.9593908264
91716.73401240673
92518.11665789525
107618.29752627146
150477.4137262784
196818.6678209424
205739.54507162032
205475.86913528806
201895.16974455141
197637.7944233711
193100.31923357485
188159.41809638723
183398.5815771371
180154.7911190951
179576.1834634933
181579.05348726892
187358.3237940219
195519.88275827232
203911.2843519198
213455.26783528063
210066.41713102473
187070.85925289785
147644.19260721834
118457.44240989283
105021.72422117897
97683.78615595926
93098.89507698748
95985.76643957532
125905.68590849565
166954.1398957934
182686.84734052667
198146.21264529153
210557.2535671727
214897.04400890245
210050.02585053997
200274.2054776919
191629.70326833852
187452.74506560166
186956.7713602204
187379.82623397035
189567.2972678532
194117.47585504554
200800.92611539777
210538.82817569366
207878.56727793667
185309.4113749853
146511.84513678588
118868.07370595168
107292.92039612134
100344.72671500753
93477.07977072342
92256.82490323539
118598.08877900186
158432.96889469406
175266.60857371188
192790.8302648144
207221.9872799795
213625.23222193582
211252.7704636848
203908.77642416395
196589.72470186677
192366.73078496836
191823.9239979286
194178.4695855198
200831.1627008494
210656.33984327846
220762.8186153072
230620.17549717805
225224.23049944904
198142.71479866037
150260.0061661467
115514.68274916307
97716.68884120727
89805.72990405832
91086.40834836368
106054.45610969761
149113.77511091199
196230.99152966356
205570.4297868712
204431.71620038126
199162.6200161207
194104.48364427767
190735.45836581453
187939.67324219836
184006.9187613548
179107.71919391726
175867.02701453317
177128.5881665549
185625.5085900329
198534.17711258036
210626.7429568237
220889.90149474726
215751.2999256634
190159.97113552596
151086.659605779
118386.96186133783
101200.71969081135
92821.03747674328
93586.02585630173
108470.90358162404
151471.7982678129
198037.46801206365
206474.08966294455
204679.6126130111
199223.8425358507
193973.12524322432
189894.23226632446
186155.20904820546
182024.63366067992
178299.2304072256
177053.90349096083
179821.17872935045
188551.9964577953
200939.95559929498
212956.4223456016
224123.01335487483
220135.26957533584
194736.63571579973
151362.1034599446
117041.5569101847
98916.73067648042
90587.09193864586
91681.09788562599
106400.20070020124
148834.85069509555
195263.1984795141
204554.59308270324
204193.49908972974
199722.29684729158
194359.02028756606
189324.13058586084
184502.71188747132
179556.16170638244
175136.8695738865
173141.45133587287
175364.64141882036
184237.2357229232
197480.7990512334
210398.07221333287
221736.9520479312
217136.57996803086
191098.71646819013
147828.89100842946
114302.20724000789
96854.03873661546
88446.32750460193
88974.77095597159
103525.30876954878
146691.92423281114
194287.920987226
204238.6761207442
203632.86616905255
198600.50597000963
193318.35811614833
189374.70753789978
186146.38037053368
182509.25431957684
178769.02177493175
176970.14284535384
179056.97813654927
187344.8725030062
199532.78330403863
211456.21475591525
222734.29557828052
219342.56140881125
195013.15137609685
152617.04769981117
118484.07815508236
99646.59726867169
90375.02313978884
91094.13728069127
106111.56923255004
148893.87919850368
195170.48030543898
204044.66100650153
203757.45101780293
200180.80834366835
195958.5643966099
191489.68741479015
186652.0298379659
182028.95650384267
178955.9659653004
178578.345210407
180808.21081632667
186835.06819498976
195258.29206827676
203918.02063889132
213728.91815653292
210597.1193539744
187840.24633086726
148625.67691828115
119616.84808757706
106318.25990391726
99071.3340091777
94527.57559507503
97403.72253048919
127261.01586457092
168196.89751450578
183771.01952587304
199031.58124348475
211211.0491496023
215295.30521746248
210178.588643479
200129.26191889105
191217.88861431697
186790.73422193594
186070.3898882413
186302.70602290198
188339.13124007737
192781.94835415954
199403.4145162228
209123.98589519272
206487.90720946807
183979.01202482154
145270.2980351809
117734.78097075704
106276.83530086433
99443.60883298756
92677.31083612806
91533.8028899592
117917.18780232879
157751.02279413948
174533.84789220645
191953.1778859351
206223.5980840891
212411.14818542099
209771.5556100586
202114.99598426418
194446.1403777211
189846.09823034902
188910.29920254392
190867.95644989773
197132.06339404723
206588.70097258902
216357.39794742008
225916.88450967753
220270.1351335271
192989.69983868097
148124.27555508818
113287.9776083525
95449.86032054658
87544.29646049338
88868.46814787097
103909.00650786131
147059.5183624816
194275.67898541072
203710.7673708775
202653.82403561787
197443.00990072568
192411.49148671975
189031.04630100948
186181.49856168052
182150.5556740166
177108.9144506738
173683.872386373
174723.5008521587
182966.92459205864
195597.88130082833
207396.78170756568
217359.04832732465
211921.06955819065
186040.20195217885
143532.65648995756
110584.51143125634
93178.5522228483
84611.32277183294
85222.7424788788
99988.22097665837
142902.55534332877
189411.821639423
197818.39265895943
196015.5646193936
190567.9394416448
185336.41475698777
181282.3663058944
177568.76806945103
173459.68569679698
169748.07800859952
168505.96615554474
171263.9561954674
179972.0597457835
192323.91711160168
204291.8434610352
215399.21649378768
211344.03164110644
185872.74938860003
142423.80211859004
108030.80661689866
89839.39865842354
81453.004723883
82504.00381873758
97197.65082601944
139628.00953929633
186076.59241664852
195415.79924808268
195132.77322795166
190772.13429393613
185553.6414812202
180698.8815422798
176093.37100173757
171398.14794894014
167264.352684731
165586.372568882
168155.66257960664
177398.6444693844
191031.4085695116
204350.16273420904
216095.3090846655
211897.68911243818
186250.17577652604
143349.09968106644
110160.38218302616
93010.59962373771
84853.67567482321
85578.46887866531
100265.64572681615
143505.8312606315
191111.17555231228
201008.3155828294
200289.71064299808
195091.67670736223
189599.66839441273
185412.80031035992
181920.4907464449
178012.48626756866
174009.04625554197
171969.24898672523
173851.43848136917
181983.61676545368
194075.41050485588
205970.40940159516
217292.74742810245
214019.51868525692
189880.76173233066
147741.65886632344
113922.67886818224
95443.57898285583
86559.43295992815
87677.57330422045
103086.84163328452
146234.52510754298
192831.1797274307
201962.55652632084
201854.32841178216
198366.05074531224
194132.75176724765
189548.6781917074
184491.3344035574
179548.19468895532
176063.19355740692
175194.03853250568
176868.7133999436
182295.3288093306
190093.75769806362
198125.5895769007
207326.90499598617
203624.23305793502
180353.63167016034
140698.11654440875
111333.26376541643
97771.68604421281
90358.56165173926
85744.6798641727
88641.69035403979
118601.68318182766
159709.3870152277
175508.84218515723
191030.52896380203
203487.96418791212
207847.76640407625
202985.50789145293
193152.33919981477
184403.83203124045
180074.11620060616
179376.98253355516
179553.1197008228
181452.57125850173
185679.90531707648
192013.1143218772
201381.44441798754
198340.46127758318
175387.23029396724
130931.51329994894
102916.71128066185
90984.32645017629
83695.527174915
76505.17334285547
74979.94395344856
101032.58099486539
140592.8851347685
157163.15597727557
174432.21939509496
188613.67028206046
194770.49723124487
192153.6291240343
184567.057305177
177008.26827466133
172550.5721114654
171781.34833614796
173921.83388288214
180377.39188303656
190027.02990136086
199983.9070838772
209721.17236233238
204237.03613630804
177100.0843683225
137633.49772097112
102893.46049607906
85124.79440643545
77260.47689237207
78596.77899575804
93619.87865173687
136723.38941196766
183863.4832810957
193194.4800410217
192007.07515636715
186641.77465084195
181434.84962252202
177861.9914596087
174807.76525172236
170565.42093622597
165311.9230825645
161681.43005116598
162529.27925570268
170602.0273344093
183090.7280097013
194782.68140326883
204679.44973486068
199222.49545504412
173372.89517920208
130948.98580322541
98137.20415298262
80918.83664457394
72587.07469655182
73476.73662940983
88556.58816760489
131813.54010269284
178684.9223588424
187463.94814401318
186034.82732509324
180953.64891769653
176073.85551642574
172350.86491136602
168943.556120937
165114.03064134874
161655.56387845607
160642.79280439872
163611.1196592404
172517.27832065907
185063.17801003036
197230.46306607273
208552.33233319942
204736.47512188158
179538.28318686102
136403.74303338246
102372.09159168469
84592.1860613909
76667.93308991646
78229.25389074805
93475.9725416243
136493.88235819587
183553.68442963966
193514.87809887732
193850.19995264962
190089.0417084123
185435.8623279001
181097.6511364522
176946.78621883108
172633.32193995244
168800.16500943282
167336.67975752882
170032.80682529445
179317.079553863
192911.25364752836
206120.49677372514
217697.03148644982
213285.7948088395
187395.32455543097
144238.39789455582
110797.33839023462
93414.26110388995
85056.99823839068
85626.01464915078
100210.74065934948
143407.34364149903
191030.09694872148
201004.3356244591
200417.9757463308
195399.91083685757
190125.81159466982
186183.28959500958
182949.26956186473
179300.78576825705
175545.93619749468
173732.91109346642
175811.0732477699
184101.8581922528
196311.09447801515
208281.52195634102
219639.37003183994
216366.589617492
192200.48522963893
150015.4163336202
116142.32789916603
97612.06366509871
88690.67163703691
89795.63413299911
105224.45993909969
148431.05673189164
195130.1190099857
204408.77425120358
204491.2022687405
201232.6676687433
197261.35765756806
192962.5358351082
188203.12627069105
183559.07477874745
180362.55367558612
179760.0115235754
181669.391674763
187290.63334928482
195237.85330554412
203369.70887920575
212622.4182535474
208925.7851383459
185622.16210452752
145903.5839104157
116456.91172888284
102807.7134881086
95315.09300867832
90643.9711772099
93519.55005943238
123506.1312459798
164698.61949253856
180648.6078813611
196391.05857162137
209140.61771974678
213861.5812475246
209423.83547542122
200069.75380367244
191843.48011120132
188065.65033211332
187935.1916214241
188677.3286352459
191126.84078008425
195874.01893897617
202684.29632169922
212476.71325705422
209799.48902848305
187145.55202730882
148201.6108453397
120358.29929249524
108540.64249349257
101318.47736861327
94157.6778755357
92637.66706403575
118684.96305268744
158243.43349744275
174828.99211211054
192142.92020971858
206409.47900858574
212700.01238386147
210271.1060481071
202929.4755128547
195672.32724735414
191569.77878313456
191203.35091572528
193786.1396786922
200713.5825511788
210853.5574720204
221307.5200730359
231536.9851227566
226529.21860626206
199843.11531600554
155516.1962741834
121154.1751630095
103720.63884581171
96147.45432118679
97732.16302569183
112964.4131755064
156243.18549060376
203531.51108937402
212991.5793597248
211922.43726048485
206672.87956059043
201586.87458065173
198146.73627234326
195242.1673387485
191169.7549700576
186107.7967312113
182689.69712127617
183767.9943880082
192084.56209078303
204824.15730629128
216766.53220463922
226904.88218110567
221671.9610537268
196020.2891944587
153760.28281579757
121071.53872991637
103929.96640099958
95625.14253125202
96490.23288335801
111494.40360222696
154626.99662432313
201329.67090288765
209901.63158315618
208234.42035984556
202892.4054501102
197737.81638212444
193734.9031055795
190050.96239926052
185955.66696520883
182248.6355125119
181009.30983842458
183776.13463303354
192506.99772065209
204903.05104068483
216943.3509538711
228156.85602482304
224245.62822282995
198958.38190749777
155733.76581930177
121603.43961740684
103708.87290785127
95647.18882212213
97042.50679911899
112090.1521133258
154872.97056035273
201660.4300650583
211312.58129223148
211304.4713164433
207169.4430690633
202117.34353693543
197361.70909224445
192782.2881721398
188036.95337203972
183776.48294373107
181897.77346195222
184197.5885459646
193110.2472421219
206361.98442364373
219260.94317833876
230560.70212763973
225905.9056609972
199803.20761416672
156462.0492348643
122860.17895110633
105334.17093282234
96845.66903793915
97288.64777068433
111746.09832116567
154808.14199182473
202283.7112218478
212093.77111533828
211323.0447757151
206098.54568470607
200595.43743372243
196402.17956745956
192897.80717821332
188962.5663877328
184908.6503609866
182788.9662119689
184557.92635972507
192542.05007842326
204451.99335370917
216134.80202311982
227220.26585838868
223692.97987261513
199291.8690501887
156891.85088209863
122823.39697277296
104115.94414160619
95033.35713636756
95990.36430644289
111281.38962262133
154357.18283536105
200929.46546968346
210082.8175669894
210039.5034523359
206653.6616859353
202553.23964407112
198124.1755738553
193234.9387924193
188463.77604273643
185145.73630139267
184430.4858399065
186239.25172333312
191775.02494889015
199654.44103811483
207737.85931208485
216962.13736764036
213256.46638348995
189961.21784094255
150265.0448532629
120850.08639888477
107236.00151349974
99775.04217589519
95124.65845468611
98002.35165845652
127964.92692964178
169100.45280706778
184954.79784288915
200558.73128087196
213124.59984166338
217616.5727588805
212906.75840552335
203242.15771964565
194673.87559758304
190531.63873548023
190025.26408831868
190392.2192904686
192480.33782268147
196893.16257268266
203408.92225987394
212958.33428842126
210099.5419155401
187333.07231668686
148350.43066173815
120543.892038221
108836.76130992231
101793.74999695332
94872.3280708034
93640.53128980284
120010.96079964688
159911.63036369806
176841.36773480236
194483.9195469462
209046.38688416214
215584.14971792564
213339.80405267898
206108.74333609233
198880.09175013154
194719.54386315148
194208.1003868936
196562.29304346355
203184.8083052048
212954.2541307757
222985.79064189456
232756.95568465907
227272.58461843053
200109.83862613607
155324.31937575896
120538.76481733509
102731.91622876764
94848.21097880072
96194.59877308432
111266.56165873408
154465.1138945347
201751.4911639193
211282.42701232914
210348.20751317503
205286.08308620643
200426.35264041883
197236.29430884466
194590.02547882783
190768.82920389948
185936.77921695492
182714.86125113902
183945.6116728599
192363.7860330165
205150.20589494566
217083.98665106716
227160.91584064756
221819.31927323533
196019.85737487668
153583.10575625225
120700.18718971123
103359.18533112078
94861.7570414574
95552.33059640691
110409.85280110572
153431.39665630588
200063.8622423421
208608.91618231733
206957.65739857414
201671.1521566506
196605.67858980433
192717.24581213284
189163.10751929338
185201.67588833044
181620.73882375477
180488.0086670401
183330.95917376762
192097.871075988
204482.17286724653
216457.4870704544
227549.89908507786
223461.28173467988
197942.81564687195
154438.0957845928
119985.89877703233
101736.56009656278
93297.31002905723
94303.0546641048
108960.0033834695
151361.41567879997
197786.18176918197
207102.33822987624
206791.13663157262
202390.1151116893
197111.2056564215
192167.94735815842
187438.15959563525
182576.11404796352
178227.66545413865
176283.87820198594
178535.22534718184
187409.73389222013
200627.77916555566
213492.46110696625
224753.4416958075
220052.79360809733
193896.0583833984
150493.0303115563
116823.17545588446
99225.95216320766
90666.77478458603
91043.93283401174
105444.89784321596
148464.046695966
195913.96847203356
205718.35341213088
204963.44987571452
199776.4109919683
194331.06408675184
190213.06835640635
186797.3081202673
182958.73740281706
179003.40731715225
176977.588634665
178828.96063807962
186877.62696737706
198828.55029975125
210524.17523174037
221591.0932085273
218012.33603785513
193527.03865909384
151012.13642032834
116801.85468178237
97930.94479992623
88669.87805357575
89440.9343279354
104546.62888507983
147445.9026536548
193858.31926590018
202875.51998916565
202725.65980306268
199267.27248505666
195130.96371485924
190703.44891433138
185852.05446553664
181152.03238108655
177933.75630570145
177340.80065629596
179287.22567216877
184968.18001849155
192992.21602664533
201211.81450844544
210556.5907732874
206949.52418147874
183726.14035744005
144071.87206916168
114667.43371277949
101032.9288779164
93522.89711946221
88798.7966974933
91583.64718244562
121440.99619903241
162466.53420563653
178214.24668920902
193723.11128222413
206213.37303273985
210656.41000216547
205930.51093394944
196287.54561213954
187781.96110315924
183745.16029575156
183386.91064841303
183942.92409608007
186257.66650323098
190929.86246310902
197731.68936638825
207586.84142577718
205045.75787963037
182600.8872624057
143935.5892375718
116434.22259023186
105012.67846318142
98228.99851152994
91534.92906042558
90493.88730286133
117015.07404848302
157024.3882343028
174019.85144283093
191685.69467919198
206230.7388637032
212713.23156101507
210379.66881597595
203030.2382441839
195659.59548152663
191339.53244482915
190657.53067059722
192836.79600591253
199286.68739404812
208892.28681959538
218774.83465033444
228417.3647998724
222829.44330738543
195592.0292971917
150763.44168647117
115967.9321929419
98184.46109698858
90356.33617698887
91788.01843592917
106971.17951486631
150301.79029023251
197734.95154423852
207420.36381672986
206640.6238486694
201724.92056920863
196995.4365257672
193911.61770239327
191340.3804485653
187556.77719964634
182719.936768973
179447.46027197613
180580.27799289295
188853.46576575277
201450.15781311368
213153.7510479932
222966.16653688112
217333.50653279503
191225.55539897946
148472.9890436534
115277.57549050925
97638.1159749139
88866.56570380204
89316.74575392193
103975.63401414361
146846.57109700725
193380.63611284707
201881.35673146654
200239.2555465495
195012.38509286952
190051.69436785078
186305.7888114019
182922.79355750658
179150.70994646737
175766.14706678188
174825.43084374035
177845.0190557515
186763.11259604653
199264.5197699304
211316.15604171227
222439.671526441
218335.01965861995
192754.0932608016
149143.8110543731
114548.729625273
96127.13699414388
87495.99128047272
88301.21107890642
102760.7447102897
144979.7204463235
191248.4236070217
200445.23352909792
200060.168749452
195637.51775960816
190393.61069900932
185543.81942263962
180965.15001588242
176308.46970904976
172213.82385578746
170564.36857284512
173140.97804233394
182360.87723771748
195932.97598944494
209148.8078765797
220746.92307870346
216359.2561724576
190482.6406751702
147319.96383671352
113845.8539861025
96397.15509818443
87938.92586610527
88371.27700963296
102785.48746276289
145781.442025143
193178.57624347683
202908.34928025948
202065.25517036332
196784.71922176247
191248.43706783117
187049.144123315
183567.68180289923
179683.59087209075
175705.97332003806
173682.53947809964
175560.8108078268
183659.23320155358
195679.78245918575
207460.81756106502
218624.01931407978
215146.9830979106
190763.18857607438
148343.99425852275
114218.39975730688
95416.5168399717
86204.95175336675
87003.02967477732
102111.30265394645
144987.76781536522
191352.0436157292
200296.76222185168
200051.9101275353
196478.5744080409
192210.50357422594
187638.0086887313
182632.33138567884
177772.83454423962
174394.087519932
173643.84905336826
175440.27007939608
180982.425518987
188882.56629920774
196996.5839102629
206257.15443814633
202589.90026699274
179332.49585254292
139671.94235878135
110289.84748090294
96706.43308086324
89275.48281399737
84656.73407675655
87570.44760564694
117576.32910803295
158765.13704866817
174684.87519430756
190367.58508800066
203025.77628971124
207622.5081927381
203027.44234807743
193483.83930556732
185037.92173462897
181013.64531367098
180614.50651831803
181071.50721713062
183226.31188485242
187677.0406190371
194197.67053736598
203716.2077496528
200789.90964705902
177920.42032769794
138802.41772956264
110833.32526074944
98943.35787774695
91705.56051186762
84586.71403944382
83164.61445548518
109361.49303008287
149114.26823505608
165929.37328132713
183496.34569435386
198025.84032237646
204574.25319936633
202382.50225678057
195241.6102206188
188133.80122294457
184115.65987586335
183757.32665454218
186263.2980353897
193023.70887160365
202904.8032521155
213010.27355853215
222807.7566441223
217294.34599892434
190042.09830208583
145104.48250632363
110105.24512542409
92027.27037659282
83822.08873427779
84806.34127337422
99487.2998642654
142279.24789301388
189157.46670173501
198292.76641216082
196988.79530539905
191594.7497917303
186450.84046145732
183031.72349580994
180216.0081351289
176286.3958243935
171405.2923139003
168189.08840756153
169473.11846843018
177982.78772251477
190887.9871111429
202955.96281641145
213170.37046241658
207957.81035381625
182268.24681910255
139913.12950073308
107076.45394783182
89741.46941578013
81207.43730962156
81818.82382799087
96556.89571969523
139423.04582178776
185870.10407592874
194206.80870354967
192331.95882633526
186814.42711037357
181517.90777030267
177404.99732511386
173638.35566852998
169480.3738623042
165721.26482170817
164429.6089625008
167132.30708113854
175775.8476502446
188050.95469066582
199928.00021804046
210929.6681386981
206754.670590145
181151.62563056307
137562.45765407733
103025.371611788
84691.33258318118
76169.39031186615
77097.33396770642
91685.0863655808
134030.12635185305
180415.67701301153
189713.78947458515
189408.9726451807
185040.8525585571
179821.92680765712
174964.51376141788
170343.27479299228
165607.36501438118
161395.68111078363
159590.74218958727
161973.2699721391
170960.8227807182
184263.15886135728
197173.22828455496
208431.63506814846
203673.0797516635
177397.94224095874
133813.48520634044
99899.55788570277
81999.04406198989
73083.78332464068
73061.27491861928
87030.6045835791
129599.64140675866
176595.69953156676
185957.69872988068
184786.85108185728
179224.23984186293
173455.8686072259
169077.18902027514
165469.99223241254
161512.9103811272
157512.28103908477
155511.29762702098
157451.41639048152
165643.76859492017
177782.1470562737
189696.30421107772
200999.37607646652
197660.9736843558
173407.6358486325
131105.26158406946
97079.23690597415
78358.17248078463
69209.43459973144
70055.38700464391
85201.77882427178
128113.70743323125
174519.41432153463
183521.19014229396
183359.1461936743
179904.340654287
175799.70335724152
171443.32180637488
166712.25172036473
162189.2425676838
159209.479779681
158918.37070246195
161228.71207375752
167331.35500303732
175827.75573788793
184560.8919442674
194448.98986389846
191402.3706120858
168743.3060499397
129644.0682046065
100772.96583154943
87639.04830808783
80587.64917060794
76273.23917423173
79414.29470911357
109572.33742714243
150843.4707500654
166784.3139761079
182438.3618865427
195031.83051481005
199543.0342319999
194857.65168418112
185234.89764154394
176736.06834183552
172698.54685659186
172336.9402440716
172890.50519493874
175205.92763175187
179882.91959098692
186693.6158861349
196560.9314866759
194034.14729542861
171604.56488032435
132954.79741687875
105469.21140828068
94064.74608086725
87301.72289208719
80635.47548599837
79634.26375844458
106213.20339776333
146304.87289606474
163414.32237799966
181232.66156141067
195974.8902213559
202704.17108255983
200670.11396623708
193673.7475925101
186707.9287755557
182839.77998839505
182649.17368445144
185348.87521619833
192335.26218713116
202478.3608372418
212882.90592687577
223014.73014848243
217866.3489719843
191002.7151112028
146468.0764771712
111875.38676683737
94195.8151424889
86368.9695057001
87700.09813431055
102686.32535056668
145733.68283218116
192811.6423995217
202088.05553237995
200866.7084905261
195500.09927484675
190334.7864665973
186854.52479068763
183949.31369709736
179914.9402877411
174927.89098759988
171618.8675194185
172836.9594453051
181320.00912217324
194248.33120663976
206396.99349400136
216754.42262191832
211748.65681187686
186327.66471620084
144297.55442044686
111833.90499514401
94908.91379853676
86808.73835247739
87863.38409013233
103039.06834717741
146322.34488109453
193152.2007187316
201825.25709960982
200230.55627118895
194930.07883508853
189783.84037288176
185754.1472611163
182006.75109490097
177810.3306037863
173964.22897791298
172548.50007546673
175103.244463565
183589.17757890036
195711.5351544309
207454.74077796785
218354.36272053918
214120.1988602402
188509.63118587775
144970.63787908078
110544.53219725759
92382.36960213748
84090.36303913906
85300.78314647294
100215.73564567804
142923.0803999355
189695.19964759448
199392.71126500494
199488.7411060726
195512.20224017836
190666.11231506732
186155.0188998343
181847.8861963285
177390.48110701464
173420.71686614095
171822.48835473106
174380.07120757096
183516.4527589942
196948.29045037605
209976.42241201605
221349.80102338758
216711.39121658175
190569.22466205887
147137.120513055
113399.97917960581
95703.91543012479
87021.97623341507
87260.76256444186
101516.39839309151
144391.88961827877
191708.05676920133
201396.0586657251
200548.51223377604
195297.5493458822
189820.3609938476
185704.20908925496
182323.7639370422
178551.98912477522
174691.30604530172
172782.94529962895
174768.44548219512
182961.04417086067
195058.53265057987
206896.3201042108
218094.5355437914
214630.72789715423
190239.88006396987
147796.3800419412
113633.6890032328
94787.64793074754
85531.62824334005
86292.46404393083
101378.61715803517
144256.01485089533
190651.82386684307
199665.43698703015
199532.42372893685
196117.92273529276
192057.90432530624
187742.84697321686
183041.96948526503
178530.38638386226
175536.26519787378
175198.99066557616
177426.6540132924
183406.9667482958
191739.97496357307
200269.0461948706
209914.57152040378
206590.69386602845
183624.96005896194
144196.09282746806
114979.69163287175
101492.56133277027
94087.8611693918
89427.56518450764
92236.96060951453
122083.3593916565
163067.36520182138
178748.61020026915
194171.998658981
206563.52316941175
210899.69863805818
206062.9672330151
196308.08252611192
187690.92773475952
183542.83894517313
183072.08703236582
183511.65596719555
185702.36360208335
190238.76994736434
196888.83895759686
206572.50113338314
203837.37455533183
181174.4787338063
142267.507002789
114503.17462222982
102801.87649487599
95728.27765302002
88742.68069538526
87418.65007144824
113676.64211883718
153454.32072918676
170261.30026149668
187792.50835939663
202265.8450277208
208746.3472322826
206484.4334206836
199280.90559750388
192127.45551007072
188089.25870192592
187743.6636690086
190300.5739328185
197153.42442547984
207169.4752638739
217451.11158236157
227462.43874821573
222195.02411708867
195213.7477733475
150563.6882092192
115859.48859508999
98074.75112084358
90152.07995559256
91400.04786448232
106319.15653440866
149318.56973539016
196370.3447560094
205644.08811681706
204444.2646608751
199122.78519880932
194024.2386458564
190628.9956185107
187822.31712914747
183894.0514423325
179013.78970716393
175804.706064615
177108.11948299798
185654.29327207233
198616.61081299826
210764.30822598265
221081.50041625838
215993.79609547328
190448.8964218588
148254.98041468405
115592.09390024625
98439.22525165281
90091.44422944273
90889.45956469602
105811.53776326127
148857.08621396287
195478.13748080208
203983.89661377284
202274.8665968263
196922.73186536515
191794.88346572185
187858.19862308126
184279.84281577636
180326.54615662084
176792.29790318906
175748.5198843788
178723.69859511143
187664.40767380776
200259.806791093
212477.0147656008
223833.8504090259
220022.7413551486
194784.90094062145
151554.11878045835
117360.19379716914
99345.91393956816
91112.89164204802
92292.70804383414
107090.74377427853
149601.9559882441
196109.3147371147
205487.01002966528
205224.06868708448
200866.86154560477
195636.57184709125
190755.7380167353
186110.2699540581
181361.0217686625
177158.4213655183
175395.7277195016
177863.01772553485
186985.2912617697
200477.40086549416
213634.73081045912
225197.48588799126
220797.11112623516
194928.0042088012
151788.99456901097
118349.45387631125
100940.25941909102
92520.31080374948
92983.87610304359
107417.1722603614
150416.19058738157
197797.92761341468
207493.02446763095
206596.81644232414
201247.14010402092
195629.46524520026
191341.35727987246
187769.16141628416
183798.1685518142
179743.03695762123
177656.41938234598
179489.79703954916
187564.30217893698
199583.1318098156
211384.3215686633
222587.72235187577
219167.74484493094
194853.582719244
152511.5430043803
118465.20090004781
99739.29044281878
90595.5018151311
91449.08458323221
106597.66935123771
149497.7102883135
195868.77840897092
204804.95359783873
204539.04597156175
200936.1110607041
196634.6834598565
192030.27734506933
186999.3092039451
182125.83096753864
178748.1794492602
178016.57848444066
179850.04597930843
185446.73964524153
193416.15016944573
201609.64299779935
210953.81534438377
207366.99658354188
184178.79944934289
144567.91990609356
115207.98873925902
101612.16010429323
94128.6100630684
89413.41107487657
92185.48094715053
122005.75152384589
162968.87003540536
178629.32000632238
194027.97552819966
206388.13614190737
210685.07591608504
205801.45465810644
195993.60193602543
187320.13770818274
183116.01592775175
182593.665211762
182990.38858667045
185151.094768295
189673.83293588526
196329.12253811662
206038.2482553233
203348.79590085952
180750.27672497678
141923.41222576282
114250.59671597244
102646.76471176464
95670.27355748188
88774.62717746093
87526.498542504
113839.77467091667
153646.2778051476
170450.87863220222
187945.1707121135
202345.36222235253
208716.57934693593
206311.14597469795
198933.51442625065
191580.59698313236
187324.09169175895
186748.82496215592
189072.72887028675
195697.37804389859
205497.83488150086
215583.51787340298
225424.4074887242
220016.46324042804
192927.23325353715
148202.59584686192
113456.08702904746
95658.36319649994
87747.41536726362
89025.79989610457
103986.94031541861
147032.2598985136
194125.8476452488
203429.55930412762
202240.75792659013
196905.2953751734
191763.07981200208
188291.43837921604
185374.39589774486
181302.44460943644
176247.67329130523
172837.48444472466
173918.94510147633
182229.29988624257
194949.80142554655
206858.05792227716
216946.65505244563
211649.3687122647
185921.3835779864
143577.3388068329
110802.43316840805
93579.28486899294
85204.93025925623
86020.32095544254
101002.261270154
144147.08477944232
190902.29904925777
199571.34966431715
198048.0061130353
192896.53535115003
187976.53245644268
184247.00699864834
180867.48041491758
177097.534895558
173724.7483735715
172815.06950050467
175892.6078247705
184900.76863200718
197526.81840642
209737.2803009116
221050.65627662698
217161.28006564523
191813.405793847
148444.88260794926
114090.44882291165
95898.55427732707
87477.02385361842
88464.01888878425
103071.67732959965
145401.6954443367
191743.56709455253
200977.59515567485
200598.31775188207
196156.83404136146
190878.1051345945
185987.34882448392
181371.93303851766
176692.85729217756
172599.32851322767
170982.00789256737
173627.03530906804
182954.2233138653
196672.128544922
210068.92446721427
221876.93237784714
217719.32556834462
192082.15958897173
149156.190850623
115903.33457086392
98647.96806438154
90343.7632722106
90881.3082435988
105344.9064449245
148330.550806768
195657.22139172984
205259.50202025758
204238.5138317962
198739.514185136
192956.73400364997
188497.47005562222
184758.33854218398
180634.96938643244
176451.93728460188
174270.90349851787
176050.9946391752
184119.22448109186
196182.58360902368
208080.5848215676
219432.1214750764
216208.21285538562
192132.35048158793
144798.58652191938
111049.97421975169
92635.99970662099
83806.82943447649
84965.99105828963
100399.77399568216
143554.23850601155
190140.03339106002
199244.24224551613
199094.96429731091
195555.0744665568
191263.57334496095
186619.0685104868
181503.54236969608
176508.802398871
172982.73375652893
172086.41135731112
173750.44910777814
179184.7494755353
187010.0934926688
195088.10420146692
204354.08045585325
200733.056672717
177559.01864495536
143276.97404201742
114030.78838155603
100594.73100462362
93311.2246818614
88828.50988167382
91856.00177779642
121943.94617452144
163175.66027122678
179094.21584151918
194729.54853251716
207295.0115014927
211757.38030578272
206992.63461902406
197252.5098393478
188593.27132113086
184349.7925369629
183736.6132707541
183995.14791119646
185976.13029294455
190284.7856508689
196699.7435507272
206150.88618612857
203194.43318367127
180328.1345362414
141240.1663129133
113319.26512129049
101485.34336536197
94300.20524676962
87219.19411153867
85809.2277732275
111982.93994029105
151669.5711437776
168370.31130288803
185772.24678278767
200086.55040041613
206373.0906155507
203879.0076232154
196403.91557570803
188940.4682979458
184556.87243062916
183835.36489290744
185992.2703806918
192428.56527925393
202019.70120162523
211876.409952324
221470.8130570699
215801.71931471382
188440.1012687832
143435.6994757171
108406.21601550686
90326.65268982826
82139.41383734049
83151.4403247412
97860.428652234
140671.89227448596
187553.76400450908
196671.43644925585
195325.44026312855
189864.3576482681
184630.31314397405
181102.25007923174
178165.11439728836
174109.524588004
169106.80161645723
165782.59547310346
166981.1631035554
175435.83657403188
188322.84672790798
200413.7114687338
210693.953305787
205589.46756922372
180046.95755513443
137872.25548703305
105241.75457996016
88129.63644010879
79825.26269218251
80663.0718575491
95614.90217242097
138674.01668122737
185287.0369625319
193758.91534145456
191987.42950997723
186543.35111709283
181295.14843711967
177212.8190126498
173468.61155826374
169336.08871100977
165617.48321640387
164393.4257507685
167202.04904015962
175999.4311440638
188483.49929359427
200628.8294707408
211958.87224083344
208169.4393607011
183002.5804074597
139890.21737048263
105857.57947666016
88040.34674935618
80030.80522715164
81449.45134943491
96489.39844475838
139232.812902342
185950.0551840352
195503.59580770042
195372.30327467807
191094.54431614623
185886.1309791647
180967.1984742612
176224.3914912769
171322.4306327789
166918.55837314477
164915.44504534552
167114.67647019855
175954.24045639246
189162.7543344674
202049.39900138177
213367.46303402155
208760.0611451654
182731.22906833893
139486.90399885568
106000.68298331657
88604.5997290633
80255.62882501452
80843.19195298964
95446.05866628386
138650.6311384091
186262.74358206536
196200.9438204922
195548.2191318632
190430.47306153883
185022.28064785092
180911.89208625985
177478.3458068789
173601.92884740396
169594.74501088954
167509.33670625754
169299.3678560545
177290.16462463673
189190.7394898582
200846.09704644667
211883.69768196088
208285.6798582171
183788.5868649699
141265.25903780368
107044.6359620514
88155.40121167639
78861.65297872631
79579.5042962496
94606.02052392461
137395.88350174166
183665.99182028143
192507.21891608913
192149.02920303616
188453.38498460225
184056.33704506024
179351.8189248733
174215.77613959406
169233.00146001144
165743.77257269045
164901.32762316903
166628.53858516633
172127.9322129909
180013.49029676692
188140.759224274
197439.76760389024
193831.11392517792
170645.16439479036
145600.26035160827
116285.73004182949
102750.4878008093
95335.96075367904
90689.88911085822
93521.6556960533
123381.9427276002
164355.0015198554
179985.38844945785
195305.14318298185
207530.41703713324
211631.54595291257
206488.880763808
196359.35523148588
187305.23366913028
182668.1114105965
181669.83961254268
181559.5443690331
183195.83098165062
187191.67296779837
193333.0130032918
202556.28700785968
199423.19178288404
176435.58852197498
122743.48513731538
94817.6847729443
83036.27733553067
75958.04696567403
69033.55118427936
67823.36111203564
94232.50246007952
134181.72823697154
151163.3069000004
168855.45543550226
183461.02893689027
190032.6136249062
187811.5416379084
180593.45870768485
173369.15727487786
169207.23924779688
168692.61168741283
171046.42521823203
177676.3835324737
187466.1874240138
197535.85334364598
207367.25473325173
201968.8004326014
174920.27601977123
130278.83379538376
95667.62980061877
78064.69763440853
70412.70922715146
72015.91257956075
87366.31645192092
130860.88561511082
178456.44276837434
188305.16146397617
187692.82816291583
182952.44106732486
178410.45160451933
175530.81630087923
173184.93795965525
169652.03233336334
165094.75455201697
162133.28720492264
163609.91752604573
172259.62398264275
185263.82896434903
197402.5289492512
207672.57947000483
202513.47904402876
176887.09983054214
134615.22225094584
101890.14225367786
84701.08088901555
76350.81052465118
77184.88094806862
92183.40323145161
135344.6970506924
182117.02811652448
190803.5754530465
189297.1111771168
184160.5322944983
179252.08234520574
175529.82748097126
172153.10809091845
168382.37439187453
165007.31327458806
164097.29958239337
167181.13459631306
176207.9981571544
188871.70698448375
201145.69492771817
212555.23658849037
208800.7506626556
183631.3250029971
140487.85385291537
106405.8609505483
88531.95487186365
80469.2620783628
81848.31940861615
96870.82265570221
139625.49891506793
186386.81237458135
196018.60032598814
195998.253619841
191859.88872910588
186812.54210452136
182067.45599893256
177500.80947813278
172765.93354014077
168508.47113210114
166620.01969244733
168892.33356714746
177755.460431816
190932.51448258397
203730.01856248677
214901.6933953873
210094.24241103014
183818.32892450318
140289.26007751742
106492.28593842374
88772.77950523538
80102.04014394777
80384.03450963127
94711.51101751483
137683.5218773858
185116.5268198771
194937.08567961608
194233.13553877745
189132.1847093557
183806.9673943306
179840.53476908332
176603.6390334881
172965.63309674055
169225.6221416374
167421.78056190885
169492.803106747
177749.2446340644
189886.33010468842
201736.99023201532
212918.95952269027
209407.5033808027
184935.49376995568
142375.47659510732
108059.46765550357
89022.41167393135
79537.49998445572
80032.27156873581
94816.93410539185
137360.32936988762
183393.79144023225
192022.16032904736
191487.69153511146
187663.3318889956
183193.78755198367
178478.9303159935
173397.69209187245
168534.82816904542
165227.6461480845
164623.72746005235
166637.98443347315
172463.17839945562
180702.3005716941
189199.31149879037
198872.7019113715
195632.20069669536
172798.53626820067
133541.44848439097
104525.7536941247
91256.14733827356
84072.91521811538
79625.01662024378
82625.23323326897
112629.52332915721
153728.8869644145
169475.62101483857
184909.96930272714
197256.20692797384
201492.1850777269
196504.67882584108
186555.5455742277
177710.15800121267
173311.2013859742
172579.51662507304
172761.1617020279
174709.77820782008
179031.75155610815
185505.17507246142
195057.80742567882
192242.31823873532
169551.68673807455
130668.34023633393
102974.56045287778
91383.39079966323
84449.65563631599
77621.9124394138
76460.78372834164
102873.37676415603
142784.42431035143
159691.83875663043
177280.82305964423
191762.16867445316
198196.9098062546
195834.87654069875
188479.80368270044
181129.73253219508
176859.29303997022
176257.8896434299
178549.41649229173
185142.44148887944
194919.6282050617
204998.13559463978
214855.3382512475
209493.7705946082
182486.30568743183
137882.53532675913
103297.8283400922
85702.63393692709
78032.6571720486
79586.17464643504
94850.54062129589
138219.63077153667
185648.90731128835
195290.98216108023
194433.8536836075
189414.3871320484
184564.3521394861
181354.19678359004
178662.6528656834
174776.72703634066
169866.9324488546
166560.98398657376
167708.00522544782
176048.78669500013
188769.2689594774
200652.47521025193
210696.68019767152
205341.16442046722
179546.00162601608
137129.7323765429
104280.18353025444
86981.15071024172
78529.34231646525
79263.95046162551
94158.78749056246
137206.27453518592
183849.4904377318
192387.4042027826
190709.76016074172
185377.74508300363
180249.26915784253
176283.42365270344
172641.83911281888
168588.3594962626
164916.95017326152
163701.88695785785
166477.20504895336
175197.35189842805
187561.154511531
199546.53398783226
210682.50438592298
206672.3049165593
181266.81706894358
137907.66253913307
103630.05693462773
85579.36244418526
77356.67769921449
78589.9354810795
93477.89076250639
136106.25045156138
182746.63690681013
192260.46424898642
192123.3249511116
187868.31913755534
182704.34554426896
177843.41542446052
173163.33947275815
168319.8280069799
163961.4708759473
161983.14530981873
164179.9432392628
172985.00981444173
186124.0155252687
198905.21467369044
210082.98883649622
205303.442531312
179075.263864511
135610.37667040864
101889.29983478846
84251.48134295197
75661.34574501605
76015.35929858978
90398.53377000653
133402.38302907688
180836.4830199185
190621.61612725147
189841.46863802604
184621.18690556136
179133.3117049455
174963.04566821453
171485.69448826637
167577.49499325978
163546.5633917601
161441.88191658308
163214.3045016924
171187.3548962975
183069.42386484388
194706.15088200613
205726.86053264095
202116.6554719792
177615.92027029337
135101.91223006602
100908.20458467875
82067.93965161304
72849.10325325155
73670.75263813775
88831.63313454382
131786.59743989224
178251.05689190608
187312.70018594584
187196.18654632499
183757.2450151879
179624.56435162039
175183.97747987945
170303.0495549481
165558.413500471
162282.91858226218
161623.59558587777
163498.7668065364
169108.42174502672
177066.26570871175
185229.9527091542
194533.99035833785
190905.67555671473
167684.00642925338
128056.81144168426
98705.94364250096
85151.26967755145
77745.66669636924
73147.52722621252
76075.49555903043
106087.59585939329
147273.06844660582
163178.7931457099
178836.29451769698
191458.347493862
196009.18029330423
191360.58057941677
181758.8705107915
173254.17005385
169174.99308206403
168729.81486895197
169154.74502007358
171296.36066196064
175757.16493965278
182314.66703527133
191899.26943323878
189069.2641479429
166325.81926077753
127361.56840647726
99570.36395336334
87877.46569795972
80849.81759150028
73947.27598610707
72740.27712509745
99143.68885108957
139087.51078302556
156072.1385539273
173782.34992302262
188425.64763148956
195057.12322203582
192918.3700425834
185803.07917629398
178698.02592133117
174665.9990443579
174284.6582065192
176766.90633326108
183511.67898346495
193393.8860846268
203525.21766782878
213380.13525711297
207960.9394943971
180842.92047579132
136080.56252329244
101296.29344309343
83469.36619676999
75545.52698177857
76833.7693580006
91832.25857645026
134945.20773848286
182137.4221848696
191569.4180402393
190535.31417259574
185376.08516477462
180425.49819552817
177153.91538347793
174438.04997603205
170561.21775699663
165688.9183431527
162442.94475049138
163666.04104628204
172092.61790000647
184902.67009438455
196874.0933615883
207001.16389236087
201720.51130366468
175991.02107206115
133631.5143756235
100831.4672488087
83577.4953462759
75170.01812537923
75952.48831696907
90903.14959886628
134018.6353960434
180745.64391576152
189385.83832782583
187830.4638106653
182640.82921202848
177673.49792546907
173884.75754679332
170432.09199014583
166574.0647692519
163098.5185799973
162073.12002686702
165025.2061566877
173902.85163826033
186399.2409146877
198487.7524344494
209694.2683271169
205720.53870084815
180317.73670684206
136929.5910431762
102595.16748019404
84465.24619948005
76147.64263337309
77277.9578929783
92063.16126624239
134597.27976468578
181159.9123056192
190619.67382571707
190458.1917837973
186213.11012988735
181096.13831771223
176320.2205256457
171762.18308328753
167074.90240014927
162902.4555759914
161133.79169353255
163557.0001539538
172597.54803036712
185973.18624895965
198984.45293482108
210378.6478396659
205795.82157388338
179739.97113552355
136419.95091905317
102815.001687818
85265.15732768284
76737.26555836527
77131.93005870965
91539.80307847341
134559.25558326964
182007.59184089067
191813.8087831546
191069.8893392685
185908.95653873374
180510.82789330662
176466.94340278703
173157.52318008975
169462.17994678492
165690.72756215802
163892.1075481774
166015.41392367135
174380.78526448493
186691.76286648843
198787.88982993396
210291.4084546566
207179.64401008884
183184.81474963092
141175.93028455848
107478.53092427467
89118.21412998706
80356.1502976046
81605.51313425787
97160.25528896948
140471.64099397836
187252.76485559638
196590.29395418018
196709.14327269423
193466.52022162493
189493.72728049877
185180.23157618294
180398.11511879653
175729.2540453697
172512.29639192356
171900.4454380343
173818.3802243595
179472.43695436997
187482.4615532351
195711.84800024613
205100.2535959006
201579.3542940322
178491.5901515475
139027.14730898888
109869.0304524191
96536.96135210524
89382.32296885108
85060.65473110123
88286.42730934458
118612.26044252637
160120.9016555349
176351.8440250626
192328.57421203927
205255.46320264164
210088.28756942175
205690.67567598278
196301.43058466725
187964.13368032922
184002.0569800691
183620.0061538182
184052.21263075847
186145.31547138095
190503.886770611
196909.48897203198
206298.44607949097
203236.63157653454
180234.1602573948
140993.60724760336
112919.33047775537
100947.18730334664
93654.32024579123
86509.89943403938
85092.3343790363
111322.7243224205
151135.23368513247
168032.12712730782
185697.6366139285
200336.30431798892
206997.96862345084
204916.91804000284
197877.8367798385
190857.23379163403
186906.88619417284
186593.25688950525
189118.44472913918
195871.53927723452
205719.08569330227
215766.3435123416
225483.6361796753
219871.66227693402
192506.76090802692
147447.09580848928
112321.2485075241
94116.81563276004
85789.67883890288
86660.26745988456
101238.9236728957
143942.18108886556
190746.7046177546
199823.82925676467
198476.92758823413
193054.22066917934
187894.37829762817
184470.10687107185
181657.8237460914
177737.96225867234
172870.73800864728
169670.56316881868
170971.11112303805
179496.5181692342
192415.83937558494
204495.92674109404
214720.46275710748
209516.45124456822
183834.5748310546
141487.2443992775
108659.5852728498
91336.0748205786
82817.2406709699
83448.80716595391
98213.26116353349
141113.16399466863
187602.46340547854
195990.97656174505
194178.56037412543
188735.14185852226
183525.47773375618
179513.23494199815
175862.13488413036
171835.58468835644
168224.71053306537
167098.82626707185
169985.29325728337
178830.68448690374
191325.3270120634
203438.61621062754
214691.59877469827
210780.63602748743
185451.26569173468
142141.63158180632
107885.5377035753
89829.06070656373
81576.05919638241
82759.06010935464
97582.92262859746
140140.55594470023
186711.4130585701
196164.8728014254
195984.14139823586
191709.13822104118
186554.41321624923
181736.1801303763
177134.83154549167
172406.9836857486
168200.51715936948
166408.15303180134
168821.6399345131
177869.92171971055
191273.98155325107
204337.28620206693
215809.69972312593
211333.40608101455
185414.02959994238
142261.4610730791
108855.29341276578
91535.12993664044
83266.50733149033
83947.74843764702
98666.1833406189
142015.77586390276
189808.33264523448
199966.30435582023
199574.17585080868
194756.77676633376
189685.05355742923
185941.2736365653
182896.51092716033
179421.62667105297
175818.47168815188
174129.21332946068
176297.7463307926
184640.93394114546
196861.25556263703
208799.61437970254
220082.14390764933
216692.58689536515
192371.97762807098
150000.28662505344
115915.78450218045
97158.08223708188
88003.06799018384
88878.69008930775
104093.0463170168
147110.22457886272
193654.1596586565
202819.77882430673
202837.18040738115
199565.31123276442
195633.55657939886
191425.76881221237
186804.85752307827
182340.28892487125
179355.55436390985
178986.59555902306
181139.49032442336
187001.48725372707
195173.75878771604
203502.34280748706
212911.7183750483
209321.33400829055
186064.9980523682
146328.34228197666
116794.18576309775
102986.51695574669
95265.3063798158
90298.65956315253
92817.05347900823
122391.84534505964
163126.40595234185
178581.79714104696
193803.03146672505
206014.97564751946
210191.93501233222
205213.25993507734
195329.96783950357
186593.81878387686
182331.8980841949
181748.34267703875
182072.33332618562
184141.38589703455
188547.37723373892
195056.2661586629
204586.65589729603
201685.45865003794
178843.5043542152
139744.67002817916
111776.06080535115
99858.49178094437
92556.91000579124
85331.61628453727
83755.78037911389
109749.00966097723
149247.6585238065
165759.62333742232
182977.81450925113
197117.9759825615
203243.05154925544
200601.65859332753
192993.3304838563
185409.25602212033
180915.08118304456
180089.7625420349
182146.05462328048
188481.520082367
197968.7776349707
207716.67308330495
217196.66489110456
211408.2827529423
183924.6344299605
138798.903584883
103653.30518389528
85468.06879792042
77191.09454174554
78134.58029140455
92800.71207727911
135598.21520853965
182496.50567484222
191660.3762703698
190387.44922477685
185021.01639669403
179895.6229122468
176480.6051074094
173649.69534930558
169681.2519173518
164733.9570835033
161421.1807155503
162576.01894408572
170922.49827092487
183630.06193899084
195466.50236634843
205417.06530783724
199911.01682751672
173902.07047222374
131206.486781445
98014.07736611986
80314.81742126281
71415.46764720415
71668.5887616658
86063.91949161552
128611.44927379437
174772.44859798354
182863.64124167466
180791.0515629784
175129.7188920989
169748.1687408915
165612.2530964889
161886.12136538827
157831.7612603915
154237.0360909719
153166.2581168009
156140.253914389
165097.828701731
177720.69111934042
189969.2135001395
201355.50135989467
197567.55650387236
172343.62294213558
129116.05539557905
94914.73893116959
76883.96883691737
68628.1094137955
69782.4984508773
84556.99178973128
127051.42634013758
173553.7340062313
182942.8367899895
182711.9796024806
178410.99624948576
173263.59099828074
168493.75680161448
163987.73291154113
159405.58447220188
155395.90016235985
153849.17107073663
156551.94220112907
165925.11296598348
179679.07955873976
193104.63049279846
204937.4427574097
200804.68847242283
175196.90458952595
132309.59306326052
99109.41236158207
81925.18104919477
73714.39570171855
74370.54373523733
88979.62221348626
132137.88117524888
179662.9602470521
189486.43012585153
188704.748624088
183456.98540874504
177929.8879873876
173722.29802890978
170221.8105228435
166314.93532887197
162317.53249163393
160283.46703728483
162165.4794038693
170286.047439933
182349.83643705008
194196.500487102
205447.67294991357
202079.70741195307
177823.87772181723
142479.90308559596
108511.0887348057
89875.56581100589
80837.04610293498
81812.56560170931
97101.20738229762
140160.45037845735
186710.38000629953
195845.01385536935
195796.47756977804
192428.4985942391
188377.6441953902
184036.8525328174
179279.4108078427
174685.76639079553
171590.27306170954
171138.9044651773
173246.2819629972
179106.14573252964
187323.67285984458
195746.1393084152
205296.3885552649
201889.43225098238
178852.0882969971
132429.6152318201
103156.57311627905
89614.02750693145
82150.02873472565
77421.2643190923
80148.01114213103
109893.2951425893
150754.5713344928
166289.8104673221
181544.00490363024
193745.13965022354
197873.66024323975
192817.78401317625
182839.6640170056
174003.8691415743
169651.26725418872
168999.98767450228
169292.62839179844
171378.7860433127
175860.38747464243
182510.8231806286
192253.06236859076
189635.0362093312
167145.14729651413
128461.48796765662
100962.29350982778
89556.86482340819
82796.5751155619
76126.78810475035
75105.14278299364
101635.92236343585
141641.1508109216
158616.11892820898
176243.49185055878
190731.6345779979
197139.32819315532
194714.41988802527
187259.06001183545
179770.2568199146
175322.32609239127
174505.2462500659
176544.53000842658
182851.53653155218
192312.97795923703
202051.34655824013
211550.59421729672
205820.96050181505
178443.95718470053
133478.47858889698
98549.52238841265
80637.10121465068
72685.98997142348
74002.59910864098
89081.04873459121
132320.21687634755
179678.4713327722
189308.9856277297
188497.8345048223
183577.4542656708
178872.78951457771
175845.30728274336
173362.96643048912
169700.68278112332
165016.12296613143
161924.02230730208
163261.04219959828
171756.6709254098
184587.3047578371
196528.6987032854
206574.5416699339
201162.4786525729
175254.0087144179
132672.10125004099
99611.78938006615
82066.46690606886
73344.30607208569
73797.1892584856
88412.12831340816
131194.4984850494
177599.33886836213
185935.8868269592
184101.8574666452
178663.63504946438
173481.23821523486
169512.64337011386
165915.20062283118
161945.55704715571
158387.99301644348
157305.19548316606
160218.41412091168
169068.903396164
181542.71447513058
193606.22059427848
204778.86349866324
200756.92416467197
175287.4290233356
131811.55616853508
97367.59531773656
79107.39574363705
70641.64378950238
71610.4568910531
86226.70439247301
128591.34459516392
174991.51606862215
184303.51354843556
184016.2992011226
179674.03415850853
174493.69719622898
169691.89287758784
165147.2302387498
160512.33177443722
156428.94569428958
154781.70268642457
157352.58887235288
166559.49484597164
180111.52131939758
193299.94506745302
204862.68992477015
200430.8152898829
174500.18208863318
131272.77542260772
97722.56051652998
80186.111133181
71628.73313540148
71951.38488331206
86246.82627527366
129117.03428048987
176384.07041165436
185982.42527428723
185009.85903324586
179605.09710659436
173952.95354331905
169648.88692905454
166075.87240812107
162114.8367679888
158075.4122241271
156004.9366910129
157849.67755758582
165926.03560445964
177933.30714276014
189706.7512969615
200864.78644625607
197381.8672134442
172988.7444696669
130554.73466950169
96407.71956429211
77577.7974874281
68332.77171371153
69094.39432973633
84166.80015451385
127012.55680559171
173356.58476224763
182297.2179357075
182070.15512548774
178541.78317315417
174350.30737341061
169889.24364664382
165031.42762780556
160355.923456703
157194.92710520094
156691.6852902077
158757.76303720404
164583.7723601574
172771.94821593034
181167.05092564912
190690.0410214778
187254.83721499873
164188.05111604353
124666.88758856137
95365.00982847238
81797.05589551615
74313.98611372474
69575.73853892894
72305.90592888529
102070.59733957483
142969.8168614544
158563.26641250102
173896.60559265412
186197.23326904682
190443.63866540295
185520.6804736291
175685.8106881914
166997.70842994464
162790.4067493521
162274.57893186752
162685.13468275376
164864.18425435983
169406.82585956826
176080.73048265695
185804.67683737425
183124.29641074795
160527.8621959638
121695.68289936353
94010.6129911937
82388.90322771398
75391.00373712566
68473.15145324254
67205.20907292477
93504.49198194724
133306.25161190884
150118.5472281484
167635.69149132748
182075.94144505128
188505.6427381403
186177.40266603942
178894.9743166546
171653.60514114745
167522.44311121904
167083.01851263555
169549.4110287434
176319.01564749982
186262.64210307898
196485.64704466134
206454.39702035158
201161.91997363657
174173.71164762072
129534.62399384906
94858.27970102061
77116.55598514147
69249.75174122993
70563.7044746146
85555.91751338325
128632.46597934222
175762.39651924034
185112.53686368166
183984.93566598106
178729.55064242805
173689.54626835248
170344.42521546537
167579.12735840128
163683.6815194883
158828.2852959864
155637.04499771912
156952.42083517765
165505.90197962968
178472.0591203135
190621.1638433781
200938.1192722808
195849.00391575837
170301.62814748642
128103.9091019895
95435.28116025648
78273.82348932775
69913.47706204338
70693.7010773547
85591.50413784765
128605.14516860901
175185.73246580764
183641.87431921117
181873.8887014665
176453.74545370095
171249.6197835881
167229.66676458923
163562.784488152
159517.81884310872
155891.1575486862
154756.77965958137
157645.7474215611
166507.080439193
179032.10714543672
191189.70027523045
202498.89859122082
198652.72246875367
173392.28976316313
130150.58175946059
95955.89025484088
77948.84999925333
69728.36328343427
70922.86534831076
85734.30219525544
128254.07277967772
174761.63989274434
184127.91182589016
183839.0245773933
179438.996412288
174147.31787414692
169185.58413464105
164439.56442347495
159570.78885918512
155231.1529806142
153316.112501065
155618.57407966384
164566.87628904099
177879.5741444783
190855.95987550955
202240.18878063606
197667.53966745682
171635.97983059302
128347.51542829273
94774.19790384796
77249.01214559647
68732.34925074286
69119.34075848944
83496.45792348144
126459.38406907514
173824.31603031963
183520.69247579706
182642.34460349975
177325.410083717
171753.57108006085
167522.61594376928
164017.21065338777
160121.13577437037
156147.76014161832
154148.69935174365
156074.6604589045
164246.25584597728
176366.39134922484
188273.0009940426
199585.97527713722
196279.85247225198
172083.98855470362
129864.83842865791
95946.06955766713
77352.42243327615
68345.49052733752
69340.32001294196
84634.24135747712
127683.33389079745
174206.75093144583
183298.15021791862
183189.95656853085
179746.91730545668
175607.37108269986
171166.7748809905
166301.641448916
161596.27310738
158389.3965840846
157831.73512065574
159842.87105460727
165621.5348102575
173777.732178932
182163.21507216513
191704.76698808296
188320.63622267198
165340.02939445208
125940.8677381821
96795.6134406543
83415.85461553832
76147.82409477582
71645.3191552542
74624.72017772109
104644.25186001052
145795.79676098848
161631.14368532127
177188.67930376047
189689.56396621166
194107.41846373762
189323.8627105926
179594.90993056283
170979.67386577194
166814.46953339913
166313.9771192127
166718.62764886883
168877.2812287969
173392.6697023638
180040.59693709284
189748.07025426958
187068.6438059766
164497.82786755924
125722.14394670987
98129.35170568724
86639.08418209405
79813.511438442
73108.86817939839
72093.31201230983
98680.84448993957
138801.95556585683
155958.71276790006
173838.46783625823
188651.83842893803
195457.15841361886
193498.95841399557
186573.14578289347
179667.62633672007
175844.95152507906
175681.0023414959
178385.3150204252
185351.9598256357
195449.7075485034
205783.18446536653
215819.31710597756
210552.92823251127
183552.45539735127
138866.72372184694
104114.2218763035
86272.42876898391
78287.80901865264
79472.74727461464
94331.48498113977
137276.83115014047
184284.36512324732
193527.05051636064
192312.4844948981
186995.40447259624
181922.8182818092
178576.9875068114
175844.40347514662
172015.34761045405
167258.9172726538
164196.75504498338
165667.5312225166
174397.70749955924
187555.7308882849
199904.84645957864
210422.26971207422
205526.01448616217
180155.7667974239
138111.59874947218
105565.72594636149
88489.97438444782
80173.3127348785
80951.78349021361
95800.7524184816
138718.75738903787
185159.1735928764
193434.840698049
191452.15587670376
185790.80704130806
180328.0310454662
176042.01732035977
172112.23970945415
167818.1889219156
163966.4751630305
162640.39158973322
165378.9502283765
174137.35464626548
186611.02657125998
198770.6122494567
210134.48505331893
206392.56131811938
181280.5385165405
